# Earth's global average surface temperature in Celsius.
# Source: Berkeley Earth
#
# Year   Anual Temperature [C]
1850 13.705
1851 13.822
1852 13.828
1853 13.796999999999999
1854 13.850999999999999
1855 13.87
1856 13.748
1857 13.607999999999999
1858 13.761999999999999
1859 13.831
1860 13.748
1861 13.645
1862 13.553999999999998
1863 13.78
1864 13.751999999999999
1865 13.866
1866 13.931
1867 13.953999999999999
1868 13.934
1869 13.943
1870 13.847999999999999
1871 13.827
1872 13.859
1873 13.891
1874 13.832999999999998
1875 13.783
1876 13.783999999999999
1877 14.164
1878 14.27
1879 13.918999999999999
1880 13.859
1881 13.963999999999999
1882 13.901
1883 13.854
1884 13.687
1885 13.722999999999999
1886 13.687
1887 13.665
1888 13.876
1889 13.994
1890 13.699
1891 13.805
1892 13.753
1893 13.774
1894 13.790999999999999
1895 13.854999999999999
1896 13.952
1897 13.975
1898 13.76
1899 13.94
1900 14.049
1901 13.969
1902 13.825999999999999
1903 13.725999999999999
1904 13.681999999999999
1905 13.843
1906 13.915999999999999
1907 13.748
1908 13.722
1909 13.658999999999999
1910 13.69
1911 13.668999999999999
1912 13.732999999999999
1913 13.774
1914 13.95
1915 14.007
1916 13.764
1917 13.652999999999999
1918 13.800999999999998
1919 13.882
1920 13.899999999999999
1921 13.975999999999999
1922 13.882
1923 13.899
1924 13.908999999999999
1925 13.946
1926 14.09
1927 13.968
1928 13.989999999999998
1929 13.793999999999999
1930 14.027999999999999
1931 14.085999999999999
1932 14.045
1933 13.859
1934 13.995
1935 13.949
1936 14.004
1937 14.177
1938 14.177999999999999
1939 14.152999999999999
1940 14.251
1941 14.213999999999999
1942 14.171999999999999
1943 14.212
1944 14.308
1945 14.18
1946 14.107999999999999
1947 14.206
1948 14.098999999999998
1949 14.061
1950 13.992999999999999
1951 14.165
1952 14.238
1953 14.299999999999999
1954 14.104
1955 14.053999999999998
1956 13.982
1957 14.213999999999999
1958 14.225
1959 14.205
1960 14.151
1961 14.235999999999999
1962 14.186
1963 14.226999999999999
1964 13.955
1965 14.059
1966 14.129999999999999
1967 14.173
1968 14.107999999999999
1969 14.254999999999999
1970 14.193999999999999
1971 14.068999999999999
1972 14.157
1973 14.285
1974 14.061
1975 14.120999999999999
1976 14.014999999999999
1977 14.315999999999999
1978 14.187999999999999
1979 14.273
1980 14.395999999999999
1981 14.439
1982 14.226999999999999
1983 14.417
1984 14.251
1985 14.241
1986 14.293
1987 14.428999999999998
1988 14.471
1989 14.354
1990 14.548
1991 14.527999999999999
1992 14.341999999999999
1993 14.375
1994 14.431
1995 14.577
1996 14.479999999999999
1997 14.613999999999999
1998 14.770999999999999
1999 14.536
2000 14.548
2001 14.684999999999999
2002 14.771999999999998
2003 14.751
2004 14.658999999999999
2005 14.838
2006 14.786999999999999
2007 14.792
2008 14.66
2009 14.792
2010 14.863999999999999
2011 14.745999999999999
2012 14.755999999999998
2013 14.783
2014 14.85
2015 14.991
2016 15.129
2017 15.014999999999999
2018 14.949
2019 15.082999999999998
2020 15.107
